00000011010101110000000000000100011100011111000111110001111100011111000111110001111100011111000111110001111100011111000111110001111100011111000111110001111100011111000111110001111100011111000111110001111100011111000111110001111100011111000111110001111100011000
00000011010101110000000000000100011100011111000111110001111100011111000111110001111100011111000111110001111100011111000111110001111100011111000111110001111100011111000111110001111100011111000111110001111100011111000111110001111100011111000111110001111100011000
00000011010101110000000000000100011100011111000111110001111100011111000111110001111100011111000111110001111100011111000111110001111100011111000111110001111100011111000111110001111100011111000111110001111100011111000111110001111100011111000111110001111100011000
00000011010101110000000000000100011100011111000111110001111100011111000111110001111100011111000111110001111100011111000111110001111100011111000111110001111100011111000111110001111100011111000111110001111100011111000111110001111100011111000111110001111100011000
00011010011101110000000000001001000000111000000001000001111000000001000001111000000001000001111000000001100001111000000001000001111000000001000001111000000001000001111000000001000001111000000001000001111000000001000001111000000001000001111000000001000001000
00000011010101110000000000000100011100011111000111110001111100011111000111110001111100011111000111110001111100011111000111110001111100011111000111110001111100011111000111110001111100011111000111110001111100011111000111110001111100011111000111110001111100011000
00000011010101110000000000000100011100011111000111110001111100011111000111110001111100011111000111110001111100011111000111110001111100011111000111110001111100011111000111110001111100011111000111110001111100011111000111110001111100011111000111110001111100011000
00000011010101110000000000000100011100011111000111110001111100011111000111110001111100011111000111110001111100011111000111110001111100011111000111110001111100011111000111110001111100011111000111110001111100011111000111110001111100011111000111110001111100011000
00000011010101110000000000000100011100011111000111110001111100011111000111110001111100011111000111110001111100011111000111110001111100011111000111110001111100011111000111110001111100011111000111110001111100011111000111110001111100011111000111110001111100011000
00000011010101110000000000000100011100011111000111110001111100011111000111110001111100011111000111110001111100011111000111110001111100011111000111110001111100011111000111110001111100011111000111110001111100011111000111110001111100011111000111110001111100011000
00000011010101110000000000000100011100011111000111110001111100011111000111110001111100011111000111110001111100011111000111110001111100011111000111110001111100011111000111110001111100011111000111110001111100011111000111110001111100011111000111110001111100011000
0001010010101011000000000000100000000111000000010000111100000001000011110000000100001111000000010000111100000001100011110000000100001111000000010000111100000001000011110000000100001111000000010000111100000001000011110000000100001111000000010000111100000001001011110000000100001111000000010000111100000001000011110000000100001000
000110100001110100000000000010000000011100000001000011110000000100001111000000010000111100000001000011110000000100001111000000010000111100000001000011110000000100001111000000010000111100000001000011110000000100001111000000011011111100000001000011110000000100001111000000010000111100000001000011110000000100001000
00000011010101110000000000000100011100011111000111110001111100011111000111110001111100011111000111110001111100011111000111110001111100011111000111110001111100011111000111110001111100011111000111110001111100011111000111110001111100011111000111110001111100011000
00000011010101110000000000000100011100011111000111110001111100011111000111110001111100011111000111110001111100011111000111110001111100011111000111110001111100011111000111110001111100011111000111110001111100011111000111110001111100011111000111110001111100011000
00000011010101110000000000000100011100011111000111110001111100011111000111110001111100011111000111110001111100011111000111110001111100011111000111110001111100011111000111110001111100011111000111110001111100011111000111110001111100011111000111110001111100011000
00000011010101110000000000000100011100011111000111110001111100011111000111110001111100011111000111110001111100011111000111110001111100011111000111110001111100011111000111110001111100011111000111110001111100011111000111110001111100011111000111110001111100011000
00000011010101110000000000000100011100011111000111110001111100011111000111110001111100011111000111110001111100011111000111110001111100011111000111110001111100011111000111110001111100011111000111110001111100011111000111110001111100011111000111110001111100011000
00000011010101110000000000000100011100011111000111110001111100011111000111110001111100011111000111110001111100011111000111110001111100011111000111110001111100011111000111110001111100011111000111110001111100011111000111110001111100011111000111110001111100011000
00000011010101110000000000000100011100011111000111110001111100011111000111110001111100011111000111110001111100011111000111110001111100011111000111110001111100011111000111110001111100011111000111110001111100011111000111110001111100011111000111110001111100011000
00000011010101110000000000000100011100011111000111110001111100011111000111110001111100011111000111110001111100011111000111110001111100011111000111110001111100011111000111110001111100011111000111110001111100011111000111110001111100011111000111110001111100011000
00001100100011010000000000000110000111000001001111000001001111000001001111000001111111000001001111000001001111000001001111000001001111000001001111000001001111000001001111000001001111000001001111000001001111000001001111000001001111000001001111000001001111000001001111000001001111000001001111000001001111000001001111000001001111000001001000
00001011000100110000000000000110000111000001001111000001001111000001001111000001001111000001001111000001001111000001111111000001001111000001001111000001001111000001001111000001001111000001001111000001001111000001001111000001001111000001111111000001001111000001001111000001001111000001001111000001001000
00011010101011110000000000001000000001110000000100001111000000010000111100000001000011110000000100001111000000010000111100000001000011110000000100001111000000010000111100000001110011110000000100001111000000010000111100000001000011110000000100001111000000010000111100000001000011110000000100001000
00001001101110110000000000000110000111000001001111000001001111000001001111000001001111000001001111000001001111000001001111000001001111000001001111000001001111000001001111000001001111000001001111000001101111000001001111000001001111000001001111000001001111000001001111000001001111000001001111000001001111000001001111000001001111000001001111000001001000
00000011010101110000000000000100011100011111000111110001111100011111000111110001111100011111000111110001111100011111000111110001111100011111000111110001111100011111000111110001111100011111000111110001111100011111000111110001111100011111000111110001111100011000
00000011010101110000000000000100011100011111000111110001111100011111000111110001111100011111000111110001111100011111000111110001111100011111000111110001111100011111000111110001111100011111000111110001111100011111000111110001111100011111000111110001111100011000
00000011010101110000000000000100011100011111000111110001111100011111000111110001111100011111000111110001111100011111000111110001111100011111000111110001111100011111000111110001111100011111000111110001111100011111000111110001111100011111000111110001111100011000
