0000001000110101
0000000111111101
0000000101010001
0000001010001010
0000000110110111
0000000101000011
0000000010011000
0000000000100110
1111110111111100
1111111000011000
1111110011110011
1111110110011101
1111110011000100
1111110011100011
1111110111010110
1111110110111010
0000000001110100
1111111011011110
0000000001111101
1111110110100000
1111110101100110
1111110110100100
1111110100110100
1111101111110001
1111110101110000
0000000001111110
0000000010101111
0000000101100110
0000000111000000
0000001001001011
0000000100100101
1111111111110100
0000000110101011
1111111110110110
0000001000011101
0000001000101011
0000000110110110
0000001000000001
0000001000000011
0000001000101101
0000000100111010
1111111101101101
1111111101100010
1111111011000101
0000000000100011
1111111001100101
0000000011000111
1111111001010000
1111111000110010
1111111010000000
1111111111010000
0000000101001011
1111111101011000
0000000000011011
1111111101111100
0000000100110110
0000000110101000
0000000101100110
1111111111010001
1111111110010100
0000000001010011
1111111111111010
1111111100001010
0000000011101001
1111111100101001
1111111110010011
0000000011110011
1111111001101001
0000000000010110
1111111101111100
1111111110101010
1111111100100010
0000000110000110
0000000001011100
0000000010100110
0000000000100000
0000001000101010
0000000011111001
0000001110101000
0000000111101111
0000010001010000
0000001100101010
0000001011100001
1111111111100010
0000000001110001
0000000001101010
0000000001100110
0000000010001111
0000000101100000
0000000010101101
0000001011100111
0000001111000001
0000000101000010
0000001111100000
0000000100111010
0000000110111000
0000000000110001
1111111111001011
1111111110001001
1111111111101001
1111111110100111
1111111110010101
0000000001101010
0000000101000100
1111111100010011
1111111010001010
0000000000011111
1111111110100000
1111110010110011
1111110101000110
1111110010001011
1111110011111010
0000000000000011
1111111010001001
1111111101110101
0000000101101111
0000000011110011
0000000001110010
1111111001011011
1111111010010011
1111111001001101
1111111100111011
1111110100011110
1111110110001001
1111111100010011
0000001111111110
0000001111110111
0000010000001010
0000001000000010
0000001000101011
0000000011100000
0000000100100111
0000000101111100
0000000011001110
1111111111001010
0000000001101011
1111111111110001
0000001001100111
0000000100001101
0000001100101010
0000000010010010
0000000111100011
0000001000011001
0000000011101000
1111111010101111
0000000000011000
1111111111001010
1111111110110010
1111111111100110
1111111101000101
