01110001111100011111000111110001111100011111000111110001111100011111000111110001111100011111000111110001111100011111000111110001111100011111000111110001111100011111000111110001111100011111000111110001111100011111000111110001100000000000000001000000000011100100
01110001111100011111000111110001111100011111000111110001111100011111000111110001111100011111000111110001111100011111000111110001111100011111000111110001111100011111000111110001111100011111000111110001111100011111000111110001100000000000000001000000000011100100
01110001111100011111000111110001111100011111000111110001111100011111000111110001111100011111000111110001111100011111000111110001111100011111000111110001111100011111000111110001111100011111000111110001111100011111000111110001100000000000000001000000000011100100
01110001111100011111000111110001111100011111000111110001111100011111000111110001111100011111000111110001111100011111000111110001111100011111000111110001111100011111000111110001111100011111000111110001111100011111000111110001100000000000000001000000000011100100
00000011100000000100000111100000000100000111100000000100000111100000000110000111100000000100000111100000000100000111100000000100000111100000000100000111100000000100000111100000000100000111100000000100000111100000000100000100000000000000010010000000011100001
01110001111100011111000111110001111100011111000111110001111100011111000111110001111100011111000111110001111100011111000111110001111100011111000111110001111100011111000111110001111100011111000111110001111100011111000111110001100000000000000001000000000011100100
01110001111100011111000111110001111100011111000111110001111100011111000111110001111100011111000111110001111100011111000111110001111100011111000111110001111100011111000111110001111100011111000111110001111100011111000111110001100000000000000001000000000011100100
01110001111100011111000111110001111100011111000111110001111100011111000111110001111100011111000111110001111100011111000111110001111100011111000111110001111100011111000111110001111100011111000111110001111100011111000111110001100000000000000001000000000011100100
01110001111100011111000111110001111100011111000111110001111100011111000111110001111100011111000111110001111100011111000111110001111100011111000111110001111100011111000111110001111100011111000111110001111100011111000111110001100000000000000001000000000011100100
01110001111100011111000111110001111100011111000111110001111100011111000111110001111100011111000111110001111100011111000111110001111100011111000111110001111100011111000111110001111100011111000111110001111100011111000111110001100000000000000001000000000011100100
01110001111100011111000111110001111100011111000111110001111100011111000111110001111100011111000111110001111100011111000111110001111100011111000111110001111100011111000111110001111100011111000111110001111100011111000111110001100000000000000001000000000011100100
0000011100000001000011110000000100001111000000010000111100000001000011110000000110001111000000010000111100000001000011110000000100001111000000010000111100000001000011110000000100001111000000010000111100000001000011110000000100101111000000010000111100000001000011110000000100001111000000010000100000000000000010000000000100101000
000001110000000100001111000000010000111100000001000011110000000100001111000000010000111100000001000011110000000100001111000000010000111100000001000011110000000100001111000000010000111100000001101111110000000100001111000000010000111100000001000011110000000100001111000000010000100000000000000010000000000100011000
01110001111100011111000111110001111100011111000111110001111100011111000111110001111100011111000111110001111100011111000111110001111100011111000111110001111100011111000111110001111100011111000111110001111100011111000111110001100000000000000001000000000011100100
01110001111100011111000111110001111100011111000111110001111100011111000111110001111100011111000111110001111100011111000111110001111100011111000111110001111100011111000111110001111100011111000111110001111100011111000111110001100000000000000001000000000011100100
01110001111100011111000111110001111100011111000111110001111100011111000111110001111100011111000111110001111100011111000111110001111100011111000111110001111100011111000111110001111100011111000111110001111100011111000111110001100000000000000001000000000011100100
01110001111100011111000111110001111100011111000111110001111100011111000111110001111100011111000111110001111100011111000111110001111100011111000111110001111100011111000111110001111100011111000111110001111100011111000111110001100000000000000001000000000011100100
01110001111100011111000111110001111100011111000111110001111100011111000111110001111100011111000111110001111100011111000111110001111100011111000111110001111100011111000111110001111100011111000111110001111100011111000111110001100000000000000001000000000011100100
01110001111100011111000111110001111100011111000111110001111100011111000111110001111100011111000111110001111100011111000111110001111100011111000111110001111100011111000111110001111100011111000111110001111100011111000111110001100000000000000001000000000011100100
01110001111100011111000111110001111100011111000111110001111100011111000111110001111100011111000111110001111100011111000111110001111100011111000111110001111100011111000111110001111100011111000111110001111100011111000111110001100000000000000001000000000011100100
01110001111100011111000111110001111100011111000111110001111100011111000111110001111100011111000111110001111100011111000111110001111100011111000111110001111100011111000111110001111100011111000111110001111100011111000111110001100000000000000001000000000011100100
00011100000100111100000100111100000100111100000111111100000100111100000100111100000100111100000100111100000100111100000100111100000100111100000100111100000100111100000100111100000100111100000100111100000100111100000100111100000100111100000100111100000100111100000100111100000100111100000100111100000100100000000000000001100000000100110010
00011100000100111100000100111100000100111100000100111100000100111100000100111100000111111100000100111100000100111100000100111100000100111100000100111100000100111100000100111100000100111100000100111100000111111100000100111100000100111100000100111100000100111100000100100000000000000001100000000100001110
00000111000000010000111100000001000011110000000100001111000000010000111100000001000011110000000100001111000000010000111100000001000011110000000111001111000000010000111100000001000011110000000100001111000000010000111100000001000011110000000100001111000000010000100000000000000010000000000100001000
00011100000100111100000100111100000100111100000100111100000100111100000100111100000100111100000100111100000100111100000100111100000100111100000100111100000100111100000110111100000100111100000100111100000100111100000100111100000100111100000100111100000100111100000100111100000100111100000100111100000100111100000100100000000000000001100000000100111110
01110001111100011111000111110001111100011111000111110001111100011111000111110001111100011111000111110001111100011111000111110001111100011111000111110001111100011111000111110001111100011111000111110001111100011111000111110001100000000000000001000000000011100100
01110001111100011111000111110001111100011111000111110001111100011111000111110001111100011111000111110001111100011111000111110001111100011111000111110001111100011111000111110001111100011111000111110001111100011111000111110001100000000000000001000000000011100100
01110001111100011111000111110001111100011111000111110001111100011111000111110001111100011111000111110001111100011111000111110001111100011111000111110001111100011111000111110001111100011111000111110001111100011111000111110001100000000000000001000000000011100100
